timestamp, relative_time, rr_sincestart, rr
1437477721291, 0, 792, 792
1437477722291, 1000, 1582, 790
1437477722291, 1000, 2416, 834
1437477723290, 1999, 3232, 816
1437477724286, 2995, 4042, 810
1437477725282, 3991, 4889, 847
1437477726279, 4988, 5710, 821
1437477726279, 4988, 6540, 830
1437477727277, 5986, 7402, 862
1437477728275, 6984, 8259, 857
1437477729286, 7995, 9091, 832
1437477730268, 8977, 9910, 819
1437477730268, 8977, 10707, 797
1437477731281, 9990, 11460, 753
1437477732281, 10990, 12186, 726
1437477733279, 11988, 12886, 700
1437477733279, 11988, 13551, 665
1437477734264, 12973, 14261, 710
1437477735266, 13975, 14994, 733
1437477735266, 13975, 15745, 751
1437477736258, 14967, 16495, 750
1437477737255, 15964, 17268, 773
1437477738256, 16965, 18053, 785
1437477738256, 16965, 18851, 798
1437477739250, 17959, 19659, 808
1437477740248, 18957, 20452, 793
1437477741246, 19955, 21228, 776
1437477741246, 19955, 21971, 743
1437477742243, 20952, 22717, 746
1437477743240, 21949, 23470, 753
1437477744238, 22947, 24239, 769
1437477744238, 22947, 25054, 815
1437477745236, 23945, 25906, 852
1437477746233, 24942, 26733, 827
1437477747231, 25940, 27567, 834
1437477748227, 26936, 28390, 823
1437477749224, 27933, 29232, 842
1437477749224, 27933, 30071, 839
1437477750224, 28933, 30888, 817
1437477751219, 29928, 31620, 732
1437477751716, 30425, 32313, 693
1437477751716, 30425, 33036, 723
1437477752716, 31425, 33793, 757
1437477753724, 32433, 34638, 845
1437477754712, 33421, 35516, 878
1437477755710, 34419, 36419, 903
1437477755710, 34419, 37315, 896
1437477756707, 35416, 38162, 847
1437477757705, 36414, 38945, 783
1437477758702, 37411, 39750, 805
1437477759700, 38409, 40576, 826
1437477759700, 38409, 41390, 814
1437477760697, 39406, 42178, 788
1437477761694, 40403, 42966, 788
1437477762691, 41400, 43771, 805
1437477763688, 42397, 44580, 809
1437477763688, 42397, 45426, 846
1437477764686, 43395, 46236, 810
1437477765684, 44393, 47076, 840
1437477767179, 45888, 47921, 845
1437477768177, 46886, 48760, 839
1437477768177, 46886, 49585, 825
1437477769173, 47882, 50393, 808
1437477770170, 48879, 51150, 757
1437477771167, 49876, 51919, 769
1437477771167, 49876, 52689, 770
1437477772164, 50873, 53472, 783
1437477773161, 51870, 54280, 808
1437477774159, 52868, 55088, 808
1437477775156, 53865, 55899, 811
1437477775156, 53865, 56701, 802
1437477776168, 54877, 57494, 793
1437477777173, 55882, 58264, 770
1437477778173, 56882, 59014, 750
1437477778173, 56882, 59762, 748
1437477779165, 57874, 60526, 764
1437477780162, 58871, 61257, 731
1437477781162, 59871, 61965, 708
1437477781162, 59871, 62694, 729
1437477782143, 60852, 63440, 746
1437477783140, 61849, 64236, 796
1437477784138, 62847, 65068, 832
1437477784138, 62847, 65820, 752
1437477785125, 63834, 66603, 783
1437477786133, 64842, 67400, 797
1437477787132, 65841, 68201, 801
1437477787132, 65841, 68998, 797
1437477788128, 66837, 69778, 780
1437477789125, 67834, 70538, 760
1437477790123, 68832, 71281, 743
1437477790123, 68832, 72007, 726
1437477791121, 69830, 72697, 690
1437477792118, 70827, 73402, 705
1437477792118, 70827, 74099, 697
1437477792615, 71324, 74818, 719
1437477793624, 72333, 75598, 780
1437477794612, 73321, 76416, 818
1437477794612, 73321, 77294, 878
1437477795609, 74318, 78153, 859
1437477796607, 75316, 79027, 874
1437477797603, 76312, 79881, 854
1437477798602, 77311, 80686, 805
1437477799599, 78308, 81454, 768
1437477799599, 78308, 82185, 731
1437477800597, 79306, 82910, 725
1437477801595, 80304, 83638, 728
1437477801595, 80304, 84374, 736
1437477802593, 81302, 85106, 732
1437477803590, 82299, 85891, 785
1437477804577, 83286, 86674, 783
1437477804577, 83286, 87493, 819
1437477805582, 84291, 88356, 863
1437477806584, 85293, 89224, 868
1437477807580, 86289, 90071, 847
1437477808585, 87294, 90854, 783
1437477808585, 87294, 91636, 782
1437477809574, 88283, 92398, 762
1437477810572, 89281, 93150, 752
1437477811569, 90278, 93910, 760
1437477811569, 90278, 94677, 767
1437477812565, 91274, 95479, 802
1437477813563, 92272, 96328, 849
1437477814561, 93270, 97187, 859
1437477816065, 94774, 98062, 875
1437477817055, 95764, 98926, 864
1437477817055, 95764, 99801, 875
1437477818050, 96759, 100643, 842
1437477819047, 97756, 101452, 809
1437477820044, 98753, 102239, 787
1437477821041, 99750, 103018, 779
1437477821041, 99750, 103781, 763
1437477822039, 100748, 104533, 752
1437477823052, 101761, 105245, 712
1437477824045, 102754, 105982, 737
1437477824045, 102754, 106726, 744
1437477825034, 103743, 107454, 728
1437477826028, 104737, 108231, 777
1437477826028, 104737, 109018, 787
1437477827033, 105742, 109838, 820
1437477828029, 106738, 110640, 802
1437477829025, 107734, 111442, 802
1437477829525, 108234, 112281, 839
1437477829525, 108234, 113129, 848
1437477830523, 109232, 113964, 835
1437477831519, 110228, 114797, 833
1437477832516, 111225, 115623, 826
1437477833514, 112223, 116425, 802
1437477833514, 112223, 117200, 775
1437477834511, 113220, 117952, 752
1437477835509, 114218, 118690, 738
1437477836506, 115215, 119389, 699
1437477836506, 115215, 120097, 708
1437477837504, 116213, 120802, 705
1437477838501, 117210, 121497, 695
1437477838501, 117210, 122217, 720
1437477839496, 118205, 122951, 734
1437477840497, 119206, 123725, 774
1437477841529, 120238, 124490, 765
1437477841529, 120238, 125313, 823
1437477842490, 121199, 126163, 850
1437477843488, 122197, 127024, 861
1437477844486, 123195, 127861, 837
1437477845484, 124193, 128667, 806
1437477845484, 124193, 129432, 765
1437477846481, 125190, 130158, 726
1437477847479, 126188, 130848, 690
1437477847479, 126188, 131517, 669
1437477848477, 127186, 132185, 668
1437477849475, 128184, 132869, 684
1437477849475, 128184, 133539, 670
1437477850472, 129181, 134198, 659
1437477851470, 130179, 134901, 703
1437477851470, 130179, 135675, 774
1437477852474, 131183, 136509, 834
1437477853465, 132174, 137370, 861
1437477854462, 133171, 138276, 906
1437477855459, 134168, 139137, 861
1437477856458, 135167, 140012, 875
1437477857455, 136164, 140875, 863
1437477857455, 136164, 141716, 841
1437477858452, 137161, 142555, 839
1437477859450, 138159, 143351, 796
1437477860447, 139156, 144189, 838
1437477861943, 140652, 144989, 800
1437477861943, 140652, 145843, 854
1437477862940, 141649, 146697, 854
1437477863937, 142646, 147577, 880
1437477864936, 143645, 148444, 867
1437477865929, 144638, 149318, 874
1437477866926, 145635, 150167, 849
1437477866926, 145635, 150974, 807
1437477867425, 146134, 151802, 828
1437477868430, 147139, 152625, 823
1437477869421, 148130, 153465, 840
1437477870418, 149127, 154320, 855
1437477871415, 150124, 155162, 842
1437477871415, 150124, 156041, 879
1437477872425, 151134, 156917, 876
1437477873427, 152136, 157793, 876
1437477874412, 153121, 158663, 870
1437477875405, 154114, 159496, 833
1437477876436, 155145, 160352, 856
1437477876436, 155145, 161131, 779
1437477877405, 156114, 161935, 804
1437477878402, 157111, 162721, 786
1437477879401, 158110, 163450, 729
1437477879401, 158110, 164190, 740
1437477880397, 159106, 164971, 781
1437477881394, 160103, 165774, 803
1437477882391, 161100, 166599, 825
1437477882391, 161100, 167375, 776
1437477883399, 162108, 168133, 758
1437477884387, 163096, 168893, 760
1437477885883, 164592, 169662, 769
1437477885883, 164592, 170409, 747
1437477886381, 165090, 171239, 830
1437477887379, 166088, 172102, 863
1437477888375, 167084, 173002, 900
1437477889371, 168080, 173829, 827
1437477890371, 169080, 174705, 876
1437477890371, 169080, 175561, 856
1437477891374, 170083, 176394, 833
1437477892366, 171075, 177194, 800
1437477893366, 172075, 177974, 780
1437477893366, 172075, 178695, 721
1437477894363, 173072, 179412, 717
1437477895365, 174074, 180136, 724
1437477896359, 175068, 180880, 744
1437477896359, 175068, 181666, 786
1437477897354, 176063, 182459, 793
1437477898352, 177061, 183196, 737
1437477899350, 178059, 183958, 762
1437477899350, 178059, 184726, 768
1437477900843, 179552, 185508, 782
1437477902342, 181051, 186254, 746
1437477903340, 182049, 186988, 734
1437477903340, 182049, 187708, 720
1437477904337, 183046, 188445, 737
1437477905335, 184044, 189186, 741
1437477905335, 184044, 189912, 726
1437477906332, 185041, 190615, 703
1437477907330, 186039, 191323, 708
1437477908333, 187042, 192047, 724
1437477908333, 187042, 192776, 729
1437477909324, 188033, 193477, 701
1437477910321, 189030, 194200, 723
1437477910321, 189030, 194918, 718
1437477911317, 190026, 195617, 699
1437477911830, 190539, 196348, 731
1437477911830, 190539, 197098, 750
1437477912812, 191521, 197885, 787
1437477913811, 192520, 198666, 781
1437477914807, 193516, 199456, 790
1437477916303, 195012, 200221, 765
1437477916303, 195012, 200990, 769
1437477917310, 196019, 201767, 777
1437477918299, 197008, 202529, 762
1437477919310, 198019, 203289, 760
1437477919310, 198019, 204059, 770
1437477920308, 199017, 204845, 786
1437477921314, 200023, 205639, 794
1437477922292, 201001, 206437, 798
1437477922292, 201001, 207230, 793
1437477923354, 202063, 207988, 758
1437477924286, 202995, 208737, 749
1437477925286, 203995, 209484, 747
1437477925286, 203995, 210190, 706
1437477926282, 204991, 210918, 728
1437477927286, 205995, 211653, 735
1437477927286, 205995, 212408, 755
1437477928286, 206995, 213181, 773
1437477929274, 207983, 213908, 727
1437477930272, 208981, 214657, 749
1437477930272, 208981, 215408, 751
1437477931269, 209978, 216123, 715
1437477932267, 210976, 216854, 731
1437477932267, 210976, 217595, 741
1437477933264, 211973, 218355, 760
1437477934759, 213468, 219124, 769
1437477935249, 213958, 219894, 770
1437477935249, 213958, 220662, 768
1437477936302, 215011, 221383, 721
1437477937254, 215963, 222108, 725
1437477938253, 216962, 222826, 718
1437477938253, 216962, 223556, 730
1437477939265, 217974, 224304, 748
1437477940247, 218956, 225056, 752
1437477941244, 219953, 225829, 773
1437477941244, 219953, 226609, 780
1437477942241, 220950, 227374, 765
1437477943228, 221937, 228102, 728
1437477943228, 221937, 228832, 730
1437477944236, 222945, 229584, 752
1437477945233, 223942, 230348, 764
1437477946231, 224940, 231055, 707
1437477946231, 224940, 231770, 715
1437477947229, 225938, 232489, 719
1437477948226, 226935, 233220, 731
1437477948226, 226935, 233952, 732
1437477949225, 227934, 234696, 744
1437477950253, 228962, 235441, 745
1437477951219, 229928, 236153, 712
1437477951219, 229928, 236880, 727
1437477952223, 230932, 237591, 711
1437477953216, 231925, 238314, 723
1437477953216, 231925, 239069, 755
1437477953713, 232422, 239831, 762
1437477954710, 233419, 240610, 779
1437477955734, 234443, 241401, 791
1437477955734, 234443, 242173, 772
1437477956706, 235415, 242934, 761
1437477957703, 236412, 243695, 761
1437477958699, 237408, 244453, 758
1437477958699, 237408, 245200, 747
1437477959696, 238405, 245935, 735
1437477960694, 239403, 246676, 741
1437477961681, 240390, 247438, 762
1437477961681, 240390, 248192, 754
1437477962686, 241395, 248969, 777
1437477963692, 242401, 249753, 784
1437477964681, 243390, 250547, 794
1437477964681, 243390, 251312, 765
1437477966194, 244903, 252082, 770
1437477967175, 245884, 252837, 755
1437477968185, 246894, 253593, 756
1437477968185, 246894, 254329, 736
1437477969188, 247897, 255060, 731
1437477970194, 248903, 255794, 734
1437477971172, 249881, 256553, 759
1437477971172, 249881, 257357, 804
1437477972181, 250890, 258174, 817
1437477973175, 251884, 258974, 800
1437477974162, 252871, 259745, 771
1437477974162, 252871, 260467, 722
1437477975159, 253868, 261190, 723
1437477976157, 254866, 261922, 732
1437477977166, 255875, 262689, 767
1437477977166, 255875, 263493, 804
1437477978151, 256860, 264301, 808
1437477979149, 257858, 265120, 819
1437477980147, 258856, 265934, 814
1437477980147, 258856, 266733, 799
1437477981144, 259853, 267518, 785
1437477982142, 260851, 268256, 738
1437477983139, 261848, 269011, 755
1437477983139, 261848, 269771, 760
1437477984140, 262849, 270530, 759
1437477985132, 263841, 271295, 765
1437477986139, 264848, 272048, 753
1437477986139, 264848, 272778, 730
1437477987129, 265838, 273522, 744
1437477988136, 266845, 274277, 755
1437477989124, 267833, 275036, 759
1437477989124, 267833, 275796, 760
1437477990122, 268831, 276543, 747
1437477990618, 269327, 277239, 696
1437477990618, 269327, 277944, 705
1437477991618, 270327, 278647, 703
1437477992616, 271325, 279380, 733
1437477993634, 272343, 280125, 745
1437477993634, 272343, 280870, 745
1437477994611, 273320, 281596, 726
1437477995609, 274318, 282340, 744
1437477995609, 274318, 283097, 757
1437477996618, 275327, 283868, 771
1437477997604, 276313, 284629, 761
1437477998601, 277310, 285373, 744
1437477998601, 277310, 286096, 723
1437477999603, 278312, 286797, 701
1437478000596, 279305, 287490, 693
1437478000596, 279305, 288179, 689
1437478001593, 280302, 288905, 726
1437478002591, 281300, 289626, 721
1437478003588, 282297, 290386, 760
1437478003588, 282297, 291171, 785
1437478004594, 283303, 291997, 826
1437478005582, 284291, 292828, 831
1437478006581, 285290, 293638, 810
1437478007576, 286285, 294442, 804
1437478007576, 286285, 295233, 791
1437478008573, 287282, 296011, 778
1437478009570, 288279, 296736, 725
1437478009570, 288279, 297464, 728
1437478010567, 289276, 298186, 722
1437478011564, 290273, 298932, 746
1437478012562, 291271, 299689, 757
1437478012562, 291271, 300401, 712
1437478013551, 292260, 301135, 734
1437478014559, 293268, 301867, 732
1437478016083, 294792, 302615, 748
1437478016083, 294792, 303369, 754
1437478017050, 295759, 304128, 759
1437478018058, 296767, 304890, 762
1437478018058, 296767, 305607, 717
1437478019062, 297771, 306346, 739
1437478020045, 298754, 307090, 744
1437478021043, 299752, 307837, 747
1437478021043, 299752, 308581, 744
1437478022034, 300743, 309323, 742
1437478023039, 301748, 310057, 734
1437478023039, 301748, 310754, 697
1437478024037, 302746, 311462, 708
1437478025034, 303743, 312152, 690
1437478026033, 304742, 312870, 718
1437478026033, 304742, 313633, 763
1437478027036, 305745, 314453, 820
1437478028026, 306735, 315268, 815
1437478029024, 307733, 316049, 781
1437478029024, 307733, 316786, 737
1437478030023, 308732, 317474, 688
1437478031010, 309719, 318253, 779
1437478032017, 310726, 319059, 806
1437478032017, 310726, 319920, 861
